-0.0302213 0.247681 -0.308081 0.34588 -0.537529 0.245572 -0.22681 0.0497094 -0.117173 -0.223562 -0.127876 0.120012 -0.11786 -0.45836 0.0398498 
-0.344362 -0.339942 0.057952 -0.0021558 -0.224901 -0.0831684 0.386996 0.149641 -0.313029 0.0349006 -0.239612 -0.373917 -0.190486 -0.03797 0.44573 
-0.0420376 -0.114031 -0.153675 0.318851 0.130479 0.434986 0.200306 -0.201606 -0.345334 -0.0256671 0.110059 -0.269951 -0.184848 0.245573 -0.523036 
-0.327474 -0.353556 -0.3054 -0.319249 -0.0157323 0.27544 0.0202156 -0.0963939 0.389335 -0.388291 -0.132057 -0.090264 0.376756 -0.0632055 -0.113474 
0.137265 -0.385915 0.381878 -0.146589 -0.0456059 0.17015 -0.0582917 -0.0997648 -0.375874 -0.108115 0.475686 0.141799 0.209085 -0.420395 0.026912 
-0.077092 0.334172 0.257381 0.206013 -0.141859 -0.0744302 0.588986 0.272548 0.112166 -0.409293 0.227702 0.088128 0.26466 0.0866585 -0.0978646 
-0.370789 0.0776439 -0.35312 -0.127201 0.366045 -0.3876 0.103643 -0.12913 -0.26565 -0.265738 0.166421 0.343745 -0.285444 -0.183598 -0.0417689 
0.538157 0.0298497 -0.358518 -0.149976 0.0745851 -0.0107039 -0.073148 0.147566 -0.319249 -0.438005 0.0353557 -0.160028 0.127593 0.305017 0.30939 
0.111532 -0.491522 -0.0415864 0.269912 0.10343 0.0327348 -0.0815247 0.546287 0.321851 -0.132778 0.172522 0.189831 -0.406771 0.041574 -0.0181873 
-0.112102 -0.115305 0.435293 0.100551 0.0383551 0.00639503 -0.24878 -0.056532 -0.239676 -0.368134 -0.550509 0.354401 0.00997514 0.281045 -0.0850599 
-0.00234146 0.11229 0.3034 -0.106516 -0.127697 -0.140972 -0.212772 -0.327296 0.256182 -0.430307 0.203697 -0.44265 -0.455039 0.0097245 0.00588582 
-0.260803 0.329585 0.113451 -0.303328 0.15765 0.644615 -0.0434227 0.166824 -0.00992328 0.0341473 0.153605 0.162913 -0.233986 0.165514 0.338873 
-0.0635993 0.11333 0.104671 0.438358 0.63248 0.0827919 -0.128245 0.0394931 0.0596109 -0.111385 -0.115053 -0.314835 0.213257 -0.34858 0.244541 
-0.446418 -0.0478538 -0.0802355 0.296312 -0.166482 -0.164046 -0.431027 0.0215609 -0.087561 0.0615604 0.418339 -0.0560748 0.296121 0.40239 0.155218 
0.15248 -0.162203 -0.0775388 0.328478 -0.0194286 0.112152 0.271918 -0.603251 0.230459 -0.00436556 0.0587786 0.326708 -0.0406559 0.146797 0.446316 
